46507 11233 00905 61931 61811
03180 47823 45213 08015 76489
51746 88436 65169 58780 11988
93357 10122 35156 90291 37330
28446 75810 16943 70420 48080
56560 10839 26041 18733 84660
67658 26680 38491 10488 29637
35611 92996 73298 80156 47815
48502 94771 22808 42298 99500
86595 33887 84974 40587 85364
79618 26068 50878 52924 57405
20495 29833 98798 35193 36292
90769 11020 59311 44329 07104
29369 84925 45050 79084 26345
22677 81827 46526 10039 81385
91488 03483 32433 31015 02011
91291 41347 11242 52718 55261
02421 53946 79400 18069 58176
18428 66047 08714 19012 96387
68736 90605 28379 19198 90469
28833 58997 83204 14969 13838
31556 44357 44733 27234 90515
61300 63188 15807 11052 69664
91060 09618 01589 37324 90211
49259 85933 01127 93812 07328
87937 28168 03679 57754 41345
66635 97822 43195 14615 63624
89585 01422 80599 39045 10990
79621 80077 80874 34266 41553
03283 59334 30900 78677 21393
92129 81072 87440 02368 18873
21977 41678 98407 08422 82999
08947 53175 46321 29005 13188
60488 18156 67462 09289 57575
18816 09635 64584 59613 01896
70422 45957 31233 79115 44775
12786 50662 27753 00779 01791
76335 69419 73407 66858 45205
68632 61443 48573 59126 26281
87887 33213 81007 60545 16049
76701 16984 51009 70642 60666
92355 56781 13549 49726 44566
45158 29790 60304 28927 62678
87743 49656 33089 99939 16364
80622 91988 39283 80649 92743
87197 00112 86916 53030 06025
29153 98882 34934 29456 34707
11903 67554 73553 28722 61755
75347 52600 84596 44715 81100
06363 68128 17316 39924 48908
82050 73309 69441 80296 48258
39151 79707 95133 82569 48368
44368 80712 67574 73156 99119
89822 43787 98419 54133 91856
82654 89716 17613 07496 01012
43148 59697 19210 39105 61227
16034 09432 73323 08225 01668
78127 68152 80237 11099 15838
70388 05276 77898 77835 77411
32302 48268 71912 92731 28326
34558 94226 26252 02373 39408
18036 15629 64497 41357 98392
53715 95810 25923 91192 65990
77390 36791 90154 30749 73114
52375 86749 50278 27515 51748
05061 14749 51787 99678 37892
76462 12830 60063 46605 02410
20653 95558 26120 27305 06773
39230 30846 91744 65767 43306
50149 04368 54891 82788 53333
01951 62173 86349 94703 94678
31779 02475 77408 85871 27692
84865 58446 25075 50740 00089
41433 84099 41935 76714 07395
03198 54781 00528 89457 88308
88389 99688 00572 09868 28406
78731 33665 34152 98068 02797
21202 95185 62922 82568 01633
51520 77410 11680 44940 40076
54790 28903 26326 90915 58075
96678 77976 64982 72488 18782
26061 58356 42846 15194 97989
12840 47853 91514 80076 50407
98542 61053 52535 83442 00915
47064 97208 37967 64076 79604
45925 93278 33885 69597 92107
09266 82057 17623 63178 60832
64948 13074 68219 34533 25908
44011 13574 66178 11797 16245
93099 13886 36115 96193 11648
21474 19413 92847 28680 08232
30121 10725 34335 81426 46783
53258 63363 15810 54037 74972
51487 76791 19669 02296 71664
85544 43466 65944 19722 28770
70746 13273 08855 55266 38097
36718 77757 53839 85895 19881
62153 97205 46017 33906 50911
57384 94624 65839 30427 23293
43169 81596 15048 00271 76550
82610 98147 91695 52727 72522
03471 05985 10509 20100 36026
38632 78530 65175 81080 67953
18631 68899 20728 03313 29808
62185 66993 20744 80048 33154
68295 99738 34791 76735 99664
76924 63187 42853 77739 31448
64808 50740 88895 34648 15038
47839 91276 35143 44792 64398
80854 11011 67296 74971 66476
08803 52574 00433 96757 55832
64233 01979 71457 24834 63692
11657 18529 08153 99001 98585
94789 58186 00372 26283 26633
57098 77546 73251 98477 66376
18601 30054 28078 00202 12983
70620 49089 99559 64722 98079
49657 76708 06759 12716 86958
40949 20977 37349 25961 87559
99790 17278 57847 39243 58651
04796 70678 52946 15422 87241
35423 54785 53932 63847 27607
13131 71740 70502 46769 94870
82383 82091 49741 85857 70727
93619 12901 78446 39614 47551
03172 66666 86820 35608 60479
09531 39303 81085 28323 96138
45428 45268 69684 07335 31572
10922 07919 54913 24850 37215
42049 53275 37420 59392 28076
40121 22083 31134 49617 22322
83944 44250 64482 15092 52532
67051 14448 43928 44375 09277
00303 25076 89888 30895 40844
87340 41128 31410 60994 81787
98883 96540 33450 14286 45697
81545 06375 32681 07628 15059
28308 54957 28106 31590 80129
14430 24343 57656 33603 08372
87097 33336 88233 35589 98276
29436 76329 13536 04974 88056
69383 87675 19112 62375 03028
07590 17521 57900 97641 54930
00883 54584 69101 82432 85851
08352 31061 42656 72913 64221
58627 40445 68049 01062 03763
52487 78000 74684 93442 06701
18874 95930 85495 25309 56075
34876 95436 47175 73049 69001
59021 62833 12329 33243 26373
08533 71580 59840 10085 36796
86593 38518 28213 92345 49828
25799 33083 51706 19088 50238
70397 09294 55525 07240 62257
22024 44672 26017 52886 10547
41445 11833 21911 14736 45928
79236 96432 32212 69316 57117
11117 21344 43977 16214 36428
30398 88050 28836 60327 74536
15223 28843 26741 51986 34844
32018 64336 33940 81925 50662
61066 15812 61708 72557 94003
66441 70462 53071 15188 01042
69225 49693 30116 48051 99691
35451 42525 35541 91874 62547
23090 67933 53193 77124 13639
31071 57850 38283 73977 86353
98550 99585 13530 70755 31920
885
