32323 82153 23125 57603 27576
05973 46407 25842 41342 22126
62456 91114 44222 00011 13336
91255 15651 32312 55233 28283
64842 47101 52954 16407 02495
52220 66125 52436 35942 95417
32312 55624 81522 71015 73230
29598 21004 22125 52352 25902
89560 62202 88213 23245 92904
66341 25532 12107 83432 31255
62687 68245 92904 66216 62059
20828 01590 28295 51842 42662
45691 11000 11111 12220 00111
33369 68205 24841 56511 25524
36359 42954 17323 12556 24815
22710 15704 22245 92904 66255
28220 21662 05920 82801 59028
29551 84248 46407 25842 41342
22134 26624 56911 10001 11111
22200 01113 33696 81255 62687
68245 92904 66216 62059 20828
01590 28295 51842 49584 23392
15223 62928 34247 10422 84240
28288 04215 20662 58242 52882
42518 42436 29609 55658 71842
42132 82802 03901 83434 29046
62756 62166 20598 77625 73635
91255 21362 97532 31255 28071
22521 02250 42282 25418 23668
42402 22281 83402 80950 72339
06409 54577 04220 28824 42954
16812 55626 87682 45929 04662
16620 59208 28015 90282 95518
42452 92032 28522 06425 32853
23243 63594 29541 06060 93021
25236 29125 59842 43629 21336
05901 83434 06482 25904 24532
32166 20598 77625 70422 36292
13282 80203 90186 35542 40245
29541 34203 12536 05901 83402
80422 71901 52482 13202 65211
86357 68360 59018 34028 32026
52118 63578 42128 62225 56521
25042 48424 84233 92901 83434
21662 05987 76257 32329 62162
02821 34215 94042 28225 41823
66842 42495 01592 13360 59018
34295 07629 57342 25152 11842
40422 29818 24018 42421 66205
98421 82254 17213 29200 18424
21662 05921 98295 22563 52836
08424 60902 11821 02821 34238
22542 15206 28282 28424 29507
62957 13952 26221 59872 70422
56560 28398 42445 64095 07323
20828 01590 28216 62059 22523
54752 13360 59018 34687 19015
24821 32026 52118 63578 42128
62225 02323 89298 42421 32929
34216 62059 06060 93021 25578
48415 94512 43635 94042 15841
59451 23955 22329 04228 41594
01834 02875 21629 81666 00914
59842 46481 25125 56098 63015
75211 39136 09315 21121 98182
10288 42390 71962 21162 95842
12862 22842 41259 36224 25609
37605 21186 35285 24872 80183
40422 31255 92390 29564 39277
04226 06297 62842 42133 92284
01834 52323 39173 42166 20592
10600 21816 62062 82822 84248
41258 92221 36241 98576 81255
22872 16277 83477 60521 82382
10282 86623 32162 75223 42134
18462 52204 22203 28715 95227
62606 03912 33912 55296 22818
71027 52532 82259 29322 52823
39841 59451 24363 59404 21560
09182 16228 09286 60712 55609
56009 01834 72339 84159 45124
36359 40421 52339 62296 98886
98420 02888 42234 57800 95624
22596 40665 65600 42284 24125
52395 52232 93428 84521 30288
18346 00918 21622 80928 66072
45929 04662 63847 12552 13028
81834 26627 12052 33951 25545
65104 46202 82955 18424 84162
48712 58729 34125 04221 25506
06028 82101 83432 34392 97042
29576 03478 20285 71015 20525
06383 98421 66205 97600 21560
09182 16228 09286 64565 17156
07842 88242 51323 76221 21577
23622 86242 49362 60323 24363
59429 54102 85656 05917 21347
54762 76425 59527 56624 36359
42954 10285 65605 91702 32389
29522 12550 60602 88210 20828
81663 23841 59401 83402 82806
41371 01520 52506 38398 42166
20597 60021 56824 59290 46643
15228 17213 42159 48421 34452
11834 64812 51255 95215 41228
72128 37629 57020 36216 26876
82436 35942 95417 62963 58282
80421 56093 24902 97681 25562
68768 95235 95421 52271 01529
54172 06612 55626 87686 09578
22541 04221 25522 89521 13932
34018 34028 84152 82882 45421
53412 58787 76250 42252 96025
07867 52212 50176 22125 60932
49029 70952 25782 44522 13609
31521 11255 62481 52271 01570
42231 25592 13624 19857 23932
91599 39871 04223 12559 12595
01709 52134 78715 41648 12562
68768 28064 04220 95762 20265
21113 71982 11762 60596 38783
40422 36359 78242 51206 60282
81259 55209 04212 55732 31255
62687 68243 63594 29541 68203
12578 22579 52132 44867 52212
50112 58787 76256 48282 82051
25576 22026 52113 23236 29125
59228 02832 46256 81255 62687
68245 92904 66216 62059 20828
01590 28295 51842 46407 25371
52220 66125 56268 76875 21951
09663 23710 15721 33922 84013
92339 21662 05987 76257 21259
87136 02559 60084 15904 22842
12862 22522 95609 57541 01863
57239 32912 55225 60091 29541
32371 01512 55225 60091 29541
32321 32929 59215 12552 25600
91295 41323 25329 52804 22752
16298 16612 55225 60091 29541
32326 62718 21512 55225 60091
29541 32322 52354 75125 52256
00912 95413 23195 07629 66042
21255 23522 59028 21329 29624
82101 83472 13292 98778 34682
99682 55920 59170 28205 91255
23522 59028 23395 82443 23238
21572 13292 98778 34592 33975
21629 81666 03288 21662 85221
25524 59290 48415 90245 42166
22528 52401 83464 25821 25842
12862 22522 95609 57541 01863
57239 32912 55235 22590 28233
95824 43232 38215 12552 35225
90282 98487 19663 23125 58415
98391 25523 52259 02832 32382
15233 98423 39290 18347 52162
98166 12552 35225 90282 98487
19663 23225 23547 50422 12552
35225 90282 98487 19662 33952
13432 98217 04221 52125 43283
24666 82133 92284 01396 00841
59042 22132 92987 78345 97028
20590 24955 22132 53282 21255
21662 05920 82801 59028 29551
84240 44620 28286 66481 25125
54565 11320 52552 82284 20592
88484 29822 69222 00011 14446
968
